0) 99
1) 19
2) 16
3) 81
4) 6
5) 22
6) 23
7) 21
8) 42
9) 90
10) 78
11) 45
12) 0
13) 72
14) 80
15) 70
16) 56
17) 55
18) 36
19) 15
20) 30
21) 37
22) 43
23) 24
24) 38
25) 27
26) 25
27) 7
28) 88
29) 65
30) 31
31) 57
32) 17
33) 84
34) 69
35) 3
36) 10
37) 20
38) 94
39) 91
40) 86
41) 40
42) 75
43) 92
44) 82
45) 98
46) 4
47) 87
48) 66
49) 28
50) 35
51) 34
52) 63
53) 97
54) 39
55) 18
56) 73
57) 13
58) 71
59) 54
60) 26
61) 76
62) 95
63) 12
64) 68
65) 14
66) 8
67) 41
68) 64
69) 59
70) 53
71) 44
72) 60
73) 89
74) 49
75) 58
76) 5
77) 51
78) 61
79) 1
80) 74
81) 67
82) 48
83) 2
84) 33
85) 62
86) 50
87) 79
88) 93
89) 96
90) 52
91) 9
92) 29
93) 77
94) 32
95) 11
96) 85
97) 47
98) 83
99) 46
